# URL: https://cp2k-basis.pierrebeaujean.net/api/basis/DZVP-MOLOPT-SR-GTH/data?elements=O,P,Ag
# BUILD: 06/08/2024 @ 14:19
# FETCHED: 07/05/2025 @ 21:43
# ---
# O [10s10p5d|2s2p1d]
# SOURCE: https://github.com/cp2k/cp2k/raw/ac0226eb549c7ef1ea50d0597d545f29d4c8fc87/data/BASIS_MOLOPT#L614
O  DZVP-MOLOPT-SR-GTH DZVP-MOLOPT-SR-GTH-q6
1
2 0 2 5 2 2 1
 10.389228018317  0.126240722900  0.069215797900 -0.061302037200 -0.026862701100  0.029845227500
  3.849621072005  0.139933704300  0.115634538900 -0.190087511700 -0.006283021000  0.060939733900
  1.388401188741 -0.434348231700 -0.322839719400 -0.377726982800 -0.224839187800  0.732321580100
  0.496955043655 -0.852791790900 -0.095944016600 -0.454266086000  0.380324658600  0.893564918400
  0.162491615040 -0.242351537800  1.102830348700 -0.257388983000  1.054102919900  0.152954188700
# P [8s8p4d|2s2p1d]
# SOURCE: https://github.com/cp2k/cp2k/raw/ac0226eb549c7ef1ea50d0597d545f29d4c8fc87/data/BASIS_MOLOPT#L731
P  DZVP-MOLOPT-SR-GTH DZVP-MOLOPT-SR-GTH-q5
1
2 0 2 4 2 2 1
  1.631862170786  0.335074115300  0.341512748800  0.123299547600  0.134459618400  0.174671506000
  0.708432685319 -0.023088252600  0.008045537600 -0.351511376700 -0.389557392400  0.503029215100
  0.284968483654 -0.973819129700 -0.851246931200 -0.806870557100 -0.138884374300  0.699184423900
  0.098011823689 -0.292906884000  1.328906840600 -0.517933891800  1.062071606300  0.407460906200
# Ag [10s10p10d5f|2s2p2d1f]
# SOURCE: https://github.com/cp2k/cp2k/raw/ac0226eb549c7ef1ea50d0597d545f29d4c8fc87/data/BASIS_MOLOPT#L1315
Ag  DZVP-MOLOPT-SR-GTH DZVP-MOLOPT-SR-GTH-q11
1
2 0 3 5 2 2 2 1
  2.586709178255  0.043754600978  0.016002004018  0.022644943791  0.005366630333 -0.228119986020 -0.065708005966  0.049544247949
  1.295159890890 -0.065091062805 -0.036550568555 -0.041727270135  0.118122315157 -0.411112871153 -0.164499674965 -0.230239586867
  0.553039826122 -0.405167335465  1.349533052863 -0.158228872130  0.689957680364 -0.391768462286 -0.083405899269 -0.501645626428
  0.211183058137  0.497578418798 -2.535842013811  0.484453657192 -1.573396135858 -0.227577654035 -0.038684987758 -0.563865046243
  0.062847168062  0.619659047740  1.655664881614  0.747373652696  1.108931560435 -0.034845530428  1.073281933345  0.515376673117
